100
9 10
3 20 14 4 20 13 20 20 19 11 
19 20 1 15 1 15 7 11 7 19 
13 10 17 1 9 16 12 3 4 6 
2 17 19 6 8 6 5 3 6 16 
6 3 14 1 16 14 16 6 13 16 
11 9 16 2 16 14 6 17 10 8 
20 19 15 17 4 4 11 6 8 12 
20 16 8 14 10 3 14 17 17 2 
4 20 14 7 9 10 18 5 12 2 
11 
16 
19 
3 
12 
10 
1 
7 
4 
8 4
11 2 9 8 
4 5 3 6 
13 19 20 17 
6 4 1 9 
14 17 16 19 
14 11 17 4 
15 20 18 6 
10 2 2 3 
3 
18 
12 
11 
3 
18 
13 
8 
6 5
2 1 19 9 2 
5 19 8 2 5 
3 19 3 3 8 
4 10 16 19 17 
5 10 8 20 1 
9 7 5 12 1 
4 
13 
15 
13 
10 
11 
3 8
4 8 2 10 7 17 8 8 
14 13 19 9 11 16 17 19 
4 16 16 9 11 13 11 18 
12 
13 
12 
3 4
10 4 5 19 
5 5 9 9 
17 4 7 4 
19 
20 
9 
2 3
9 6 15 
12 13 5 
3 
6 
4 5
11 1 12 11 13 
2 19 5 11 14 
6 15 10 5 8 
17 10 20 10 8 
20 
1 
18 
19 
8 1
6 
7 
14 
3 
15 
3 
14 
10 
16 
15 
19 
18 
7 
14 
4 
1 
8 6
10 5 10 17 10 17 
19 18 2 15 9 2 
13 1 14 3 17 8 
13 10 1 14 2 11 
18 4 2 11 3 9 
17 20 11 20 4 14 
12 15 2 13 8 13 
4 11 17 17 17 6 
9 
1 
20 
4 
3 
8 
4 
10 
4 10
19 9 20 11 3 12 8 18 9 5 
2 11 7 14 20 18 10 13 10 8 
15 19 15 14 4 14 20 8 3 12 
6 9 14 4 1 4 4 4 12 6 
6 
13 
6 
17 
10 8
7 7 1 7 11 14 1 16 
12 4 2 3 10 14 13 10 
3 4 7 13 18 2 8 1 
19 9 11 16 11 6 19 4 
18 2 14 9 19 5 1 15 
17 12 9 2 13 14 10 10 
6 10 17 6 20 17 9 4 
12 14 15 4 5 7 10 7 
1 14 20 6 14 16 16 13 
9 13 11 9 6 14 7 4 
15 
5 
19 
6 
16 
4 
6 
2 
12 
14 
6 5
13 15 14 17 6 
13 5 16 6 7 
14 3 8 13 3 
13 13 14 12 19 
19 10 9 11 13 
5 10 17 18 10 
13 
11 
13 
11 
15 
11 
10 3
3 20 14 
3 4 15 
2 3 11 
9 14 7 
9 2 3 
8 11 12 
16 11 6 
13 18 1 
16 10 16 
19 8 5 
9 
14 
8 
15 
8 
14 
15 
9 
1 
7 
5 3
4 16 5 
17 8 16 
9 17 19 
18 16 7 
8 8 14 
9 
17 
16 
4 
18 
10 6
18 2 12 20 12 12 
12 3 19 11 5 19 
4 3 14 10 14 12 
4 14 12 17 2 1 
9 10 17 5 13 3 
15 4 18 10 14 18 
17 10 20 19 15 10 
16 3 1 12 18 17 
7 2 18 17 20 5 
11 18 13 15 16 12 
13 
1 
13 
8 
1 
10 
4 
3 
5 
3 
2 1
13 
6 
11 
14 
5 6
9 6 5 4 15 20 
3 5 19 13 15 18 
10 12 2 12 2 16 
18 13 3 2 18 11 
18 9 3 19 19 4 
8 
3 
1 
19 
7 
3 4
10 17 7 4 
13 12 9 14 
1 18 2 7 
18 
3 
20 
6 8
20 3 4 3 6 2 7 2 
6 4 5 15 3 9 10 6 
9 8 19 15 5 1 3 1 
10 2 14 12 18 18 20 11 
16 11 10 4 2 4 7 16 
17 7 19 12 5 2 6 13 
2 
2 
16 
19 
11 
3 
9 4
6 16 15 2 
15 6 3 2 
1 14 3 16 
1 12 11 19 
14 8 10 14 
13 2 18 3 
11 16 16 15 
15 7 15 3 
15 13 2 3 
13 
7 
14 
15 
12 
15 
5 
15 
20 
9 1
8 
8 
14 
12 
16 
8 
5 
2 
16 
5 
8 
12 
5 
13 
10 
4 
16 
3 
3 3
11 3 6 
2 3 13 
9 16 20 
9 
14 
16 
5 7
3 10 14 7 2 11 2 
19 16 9 16 1 3 3 
4 8 10 14 9 13 4 
6 6 13 3 14 3 4 
16 1 2 3 15 3 7 
7 
5 
6 
18 
15 
6 2
5 4 
2 13 
19 20 
15 4 
12 6 
7 8 
2 
14 
9 
20 
9 
13 
2 4
4 18 14 11 
16 8 6 17 
12 
7 
3 5
9 15 3 7 19 
8 9 1 14 10 
12 9 6 20 5 
16 
16 
15 
8 2
14 18 
10 11 
5 15 
2 4 
17 20 
4 11 
4 14 
14 1 
17 
15 
3 
11 
7 
11 
8 
9 
2 3
1 14 4 
19 19 19 
16 
12 
5 3
16 15 7 
5 13 17 
2 9 16 
16 8 18 
14 17 11 
13 
20 
9 
2 
18 
7 4
20 9 4 13 
5 4 20 4 
14 15 6 1 
13 8 19 15 
8 17 5 7 
3 15 8 14 
1 12 2 8 
13 
1 
19 
17 
15 
17 
8 
7 6
11 1 1 3 8 7 
6 11 14 5 9 14 
5 2 16 4 20 5 
10 17 11 1 19 6 
5 20 18 3 14 14 
17 2 18 13 20 11 
20 19 13 19 16 9 
13 
16 
12 
12 
12 
11 
2 
8 10
8 7 1 13 2 7 8 3 3 12 
20 15 8 5 10 4 2 8 15 20 
7 16 15 4 4 7 11 19 13 11 
18 14 15 17 18 5 9 19 17 7 
10 1 5 16 2 11 20 15 8 13 
9 17 6 19 1 19 17 13 15 8 
5 19 14 3 12 13 10 7 17 16 
3 16 10 4 16 3 18 19 7 9 
10 
14 
20 
7 
17 
15 
20 
1 
4 7
6 12 10 6 3 11 9 
5 14 5 15 12 10 20 
15 1 15 3 8 18 1 
13 7 18 17 17 8 20 
4 
14 
12 
14 
4 7
17 14 6 7 19 15 18 
1 5 6 3 8 16 2 
2 9 7 18 1 11 7 
20 3 4 2 7 14 1 
4 
15 
15 
18 
6 1
19 
17 
6 
11 
20 
15 
17 
9 
10 
12 
6 
15 
6 7
7 14 20 19 13 8 14 
3 3 6 11 11 12 2 
10 1 17 15 8 18 9 
8 12 18 12 19 19 14 
16 7 12 1 17 14 19 
16 19 18 9 17 5 17 
10 
16 
9 
20 
20 
18 
4 5
5 12 10 18 3 
16 12 5 6 9 
18 3 18 14 6 
19 18 16 14 15 
6 
18 
17 
8 
5 7
17 15 9 5 8 15 2 
13 18 9 7 8 9 4 
12 15 3 8 11 17 7 
7 1 17 11 14 3 7 
10 14 7 12 20 2 1 
11 
2 
3 
13 
18 
10 6
20 17 11 15 8 3 
12 8 13 7 10 8 
11 13 17 11 8 12 
7 17 11 12 16 10 
9 18 5 4 15 2 
10 19 10 12 9 5 
2 4 9 14 14 17 
18 6 20 9 19 1 
2 18 13 17 16 18 
9 12 14 15 15 2 
14 
11 
5 
12 
3 
14 
12 
2 
2 
4 
1 5
17 13 11 18 2 
19 
2 6
3 1 17 20 6 11 
12 16 19 11 3 12 
16 
2 
7 6
4 17 18 9 6 16 
19 11 9 8 6 2 
12 12 3 8 9 8 
9 14 9 3 3 1 
19 8 7 6 10 5 
14 5 9 2 15 1 
10 12 17 9 5 4 
3 
6 
4 
3 
12 
19 
19 
3 5
8 2 1 20 14 
11 9 20 16 15 
6 4 9 1 13 
12 
5 
16 
3 4
18 7 19 18 
18 13 12 9 
9 19 7 19 
1 
11 
15 
2 4
4 9 1 6 
7 11 12 5 
5 
4 
10 10
17 9 7 6 12 6 8 9 6 19 
15 6 2 19 14 12 8 12 15 14 
4 11 3 19 15 20 3 2 5 15 
8 16 4 8 14 4 9 10 20 5 
4 16 14 1 15 4 2 13 13 12 
1 12 9 14 8 7 13 5 13 17 
7 15 14 17 12 19 1 17 4 9 
14 13 6 20 3 8 12 20 2 20 
13 3 1 2 2 6 16 17 6 2 
11 11 11 10 20 4 5 11 18 7 
11 
2 
15 
12 
11 
17 
18 
16 
7 
10 
8 2
3 19 
6 13 
11 6 
20 2 
15 17 
7 12 
6 19 
18 2 
12 
6 
17 
4 
9 
8 
17 
14 
3 4
3 4 19 2 
14 3 12 17 
12 10 1 10 
8 
16 
8 
6 8
18 9 16 10 4 12 20 8 
7 7 4 17 9 4 14 15 
14 6 20 8 15 10 9 12 
20 16 17 2 1 11 19 16 
2 20 9 12 19 20 10 20 
12 4 15 19 16 18 5 20 
11 
20 
3 
2 
7 
12 
6 10
11 3 6 9 8 9 15 4 1 15 
9 10 4 4 18 7 20 2 1 8 
11 6 4 20 16 12 11 10 5 16 
15 8 7 9 10 19 11 1 10 9 
1 14 18 17 17 15 7 19 3 9 
17 4 10 13 18 8 2 13 1 1 
1 
2 
12 
5 
17 
18 
10 5
5 12 20 5 3 
5 9 3 9 14 
11 18 5 20 19 
16 8 1 3 13 
7 4 13 10 18 
10 13 3 18 4 
13 13 9 1 16 
19 7 18 14 7 
4 17 11 20 9 
15 20 8 6 4 
17 
13 
15 
17 
2 
20 
10 
16 
15 
17 
2 5
13 17 12 18 18 
19 18 12 1 9 
1 
15 
2 2
13 7 
6 9 
9 
8 
7 2
4 17 
2 17 
7 6 
16 7 
5 11 
15 7 
14 17 
17 
12 
6 
14 
5 
10 
8 
6 10
16 13 11 15 18 15 16 5 4 1 
20 18 5 11 8 3 8 8 17 5 
5 20 5 7 11 17 15 6 4 8 
11 19 7 17 7 1 18 19 11 7 
2 9 2 12 13 9 5 2 20 5 
16 1 15 20 16 15 3 12 8 19 
14 
20 
9 
19 
1 
13 
9 3
19 17 5 
16 6 10 
17 9 8 
12 18 12 
16 13 17 
7 20 3 
5 5 17 
7 17 17 
12 14 8 
9 
12 
15 
15 
16 
8 
9 
20 
12 
9 3
13 9 10 
12 16 7 
20 3 16 
2 13 20 
11 6 4 
11 9 5 
2 17 15 
19 4 8 
18 7 20 
20 
13 
18 
9 
13 
20 
12 
19 
15 
5 7
18 14 1 14 1 7 14 
4 19 13 11 14 5 2 
8 20 12 6 11 3 6 
20 14 20 20 2 7 6 
9 3 15 11 18 5 18 
9 
16 
13 
16 
3 
10 9
2 11 5 9 15 14 9 2 5 
10 9 10 4 2 18 2 5 7 
7 3 20 16 18 2 2 16 17 
13 10 16 8 1 17 13 19 17 
5 10 10 19 6 11 16 16 12 
12 12 7 1 4 14 14 6 12 
13 17 2 17 19 5 7 4 6 
12 15 15 13 2 11 19 17 14 
9 18 11 11 12 15 11 16 16 
1 2 4 14 13 20 20 6 9 
9 
10 
6 
14 
19 
19 
15 
6 
14 
3 
2 2
3 2 
12 17 
15 
19 
5 7
18 7 19 13 1 12 14 
11 20 3 12 17 19 12 
6 8 7 14 7 1 3 
20 7 18 1 17 2 16 
1 3 10 11 5 1 13 
2 
2 
3 
16 
2 
3 3
3 15 7 
18 14 14 
14 11 3 
3 
1 
20 
10 2
10 9 
14 19 
6 6 
16 11 
12 20 
9 6 
6 6 
16 19 
18 2 
15 6 
12 
5 
13 
16 
11 
14 
16 
5 
13 
3 
6 9
19 20 7 3 12 17 12 14 2 
10 4 14 12 18 19 13 9 11 
6 3 2 6 1 3 5 1 8 
14 6 9 4 19 11 11 6 15 
19 8 6 1 3 9 20 17 11 
11 9 7 6 17 4 10 7 17 
17 
4 
3 
17 
13 
1 
9 6
11 8 8 7 15 10 
13 17 20 9 5 6 
16 4 8 15 14 19 
18 3 9 3 12 10 
8 18 4 18 18 6 
2 1 7 2 12 9 
15 14 7 10 19 15 
7 15 18 1 9 9 
17 9 5 16 8 4 
18 
12 
8 
5 
5 
11 
9 
15 
2 
9 7
3 9 18 18 18 7 18 
18 2 2 14 19 11 8 
4 12 4 11 17 19 14 
13 4 15 6 1 6 13 
11 15 14 15 1 7 10 
4 11 16 8 2 18 10 
1 6 11 12 6 7 19 
16 19 9 18 1 3 2 
16 16 13 17 9 11 6 
9 
12 
18 
10 
9 
15 
10 
18 
10 
5 5
5 18 8 1 13 
2 15 20 13 12 
2 18 13 5 9 
18 19 18 11 5 
5 3 10 15 9 
1 
13 
20 
2 
1 
9 3
1 13 1 
17 9 17 
3 3 17 
18 16 1 
2 5 11 
8 14 19 
12 18 7 
12 2 17 
14 20 13 
16 
16 
1 
6 
14 
10 
20 
15 
12 
3 3
18 2 18 
9 18 18 
17 1 11 
3 
4 
15 
9 1
16 
20 
7 
13 
7 
5 
16 
15 
6 
12 
9 
2 
1 
10 
6 
7 
6 
4 
4 7
5 4 12 20 2 10 5 
14 4 19 16 6 14 8 
9 13 15 13 20 9 1 
9 6 14 19 16 8 10 
7 
20 
12 
17 
5 5
17 12 8 10 3 
20 20 10 11 9 
11 17 19 2 6 
19 20 1 14 20 
15 13 4 18 13 
6 
3 
11 
17 
17 
9 3
11 10 2 
18 9 10 
3 11 15 
18 3 7 
18 3 9 
5 18 11 
2 13 18 
10 6 16 
17 18 2 
6 
8 
18 
9 
5 
12 
10 
18 
19 
9 8
15 11 8 10 3 10 5 2 
18 6 3 14 2 10 16 17 
2 2 12 14 15 19 12 8 
7 2 18 12 7 8 9 16 
1 2 7 13 14 3 11 4 
17 9 1 18 14 5 10 3 
11 3 3 14 11 14 14 19 
8 9 2 18 15 17 15 18 
5 18 15 10 11 20 7 20 
18 
1 
11 
20 
11 
18 
2 
20 
19 
6 5
7 10 20 15 12 
15 10 10 11 3 
1 7 9 17 2 
8 20 5 11 14 
19 20 4 12 13 
11 11 17 5 5 
9 
13 
12 
3 
4 
1 
5 5
4 20 17 19 12 
14 1 17 14 20 
1 10 13 8 17 
3 18 1 13 6 
20 5 8 5 14 
8 
20 
2 
6 
17 
1 6
17 15 3 9 8 10 
12 
2 10
13 12 16 10 12 7 18 19 11 19 
4 19 14 6 5 19 16 4 13 14 
8 
15 
9 7
2 15 20 11 17 18 14 
19 8 8 8 14 3 2 
2 5 6 7 19 8 15 
11 6 18 15 2 13 9 
3 16 17 11 19 20 17 
8 1 10 16 11 11 8 
17 14 2 5 13 20 7 
5 13 12 14 7 5 20 
18 15 4 2 2 8 15 
9 
2 
15 
13 
2 
3 
20 
10 
1 
1 2
18 10 
12 
5 1
18 
6 
6 
12 
10 
8 
14 
19 
13 
6 
3 5
1 5 18 12 2 
18 11 9 14 10 
13 2 11 8 1 
15 
1 
20 
8 10
11 12 10 16 5 20 20 7 17 12 
5 9 14 6 19 4 11 2 6 7 
6 15 17 6 18 18 6 16 6 20 
16 6 7 1 8 1 12 3 10 18 
20 2 9 8 10 7 19 8 15 4 
8 10 18 9 12 15 18 8 5 1 
16 13 15 7 10 13 10 18 5 15 
3 3 5 6 6 4 9 1 20 18 
3 
1 
12 
13 
11 
1 
14 
19 
9 2
8 2 
5 15 
12 20 
13 4 
7 3 
16 19 
16 10 
16 18 
8 17 
4 
5 
2 
13 
16 
11 
1 
20 
11 
4 2
13 8 
12 3 
16 18 
4 7 
6 
1 
17 
10 
6 9
15 17 1 17 15 8 7 11 7 
14 20 10 17 19 15 3 11 12 
4 18 20 10 11 20 8 16 18 
12 5 5 8 16 11 7 3 4 
20 1 8 19 10 9 7 13 14 
12 10 9 15 17 5 17 7 19 
4 
6 
10 
18 
11 
6 
6 6
9 8 8 5 14 15 
1 5 16 16 3 9 
15 5 4 2 11 5 
11 17 19 20 15 11 
8 8 7 4 19 5 
2 2 7 6 15 17 
14 
17 
16 
10 
7 
14 
10 8
17 9 11 19 8 13 10 5 
15 3 16 7 6 8 6 12 
12 15 10 17 17 9 12 10 
16 13 17 11 20 8 18 18 
10 16 7 10 13 10 2 14 
18 12 20 17 15 11 9 8 
2 17 6 20 19 19 2 7 
20 12 2 2 14 5 12 6 
2 19 16 15 12 7 11 20 
11 18 17 5 8 12 16 6 
4 
8 
15 
15 
15 
1 
8 
19 
7 
12 
3 2
8 18 
17 2 
20 7 
5 
7 
20 
6 8
17 15 14 6 18 4 15 16 
4 3 17 10 3 2 10 5 
19 9 11 14 3 10 15 5 
3 11 20 5 20 14 20 10 
15 11 2 13 4 17 11 13 
15 18 11 7 4 16 7 13 
3 
3 
6 
15 
9 
17 
10 4
2 2 9 5 
12 2 10 13 
15 17 12 8 
7 16 2 3 
10 4 14 8 
5 18 2 6 
19 14 12 5 
10 14 15 13 
11 20 10 11 
5 1 13 9 
5 
18 
18 
6 
13 
16 
20 
19 
8 
4 
8 2
4 17 
8 13 
17 10 
12 6 
12 6 
19 10 
12 5 
1 1 
4 
6 
4 
13 
17 
17 
17 
15 
9 8
5 20 6 2 2 14 20 8 
20 8 16 3 8 20 10 15 
2 12 3 18 11 14 6 18 
14 13 11 9 12 6 2 7 
5 15 13 9 20 11 12 20 
5 9 15 20 10 1 4 20 
7 18 8 16 9 18 2 5 
4 19 15 20 20 9 12 16 
11 16 18 5 6 7 6 13 
19 
13 
15 
15 
8 
6 
1 
10 
13 
3 6
5 18 8 20 17 6 
6 18 18 13 14 1 
14 5 6 4 11 5 
8 
13 
20 
3 8
18 17 18 19 20 11 15 12 
10 10 13 1 14 16 15 7 
4 3 2 1 8 1 10 4 
8 
19 
5 
4 4
2 15 18 3 
11 8 19 6 
17 6 2 18 
19 14 10 4 
3 
11 
7 
8 
8 9
14 8 17 20 5 20 11 8 11 
9 4 17 11 16 12 4 3 4 
13 16 8 13 4 12 13 19 8 
5 10 8 12 20 4 1 13 17 
13 8 18 19 15 11 7 14 4 
14 16 10 18 4 11 11 14 7 
13 5 12 4 18 4 7 15 20 
7 17 14 4 19 10 13 17 17 
5 
20 
2 
9 
9 
9 
3 
9 
7 10
5 5 19 13 5 13 13 12 9 15 
8 18 12 3 15 13 15 10 11 10 
6 11 18 15 16 19 14 9 8 15 
6 19 9 8 11 12 5 16 10 19 
4 20 13 2 12 7 2 14 7 11 
1 12 2 5 13 20 6 14 16 19 
9 3 19 5 20 9 18 4 8 5 
18 
2 
10 
1 
17 
4 
4 
2 7
5 16 19 9 12 3 1 
6 11 2 12 17 7 20 
16 
16 
2 4
4 17 14 15 
10 13 13 18 
13 
4 
