10
10 8
7 7 1 7 11 14 1 16 
12 4 2 3 10 14 13 10 
3 4 7 13 18 2 8 1 
19 9 11 16 11 6 19 4 
18 2 14 9 19 5 1 15 
17 12 9 2 13 14 10 10 
6 10 17 6 20 17 9 4 
12 14 15 4 5 7 10 7 
1 14 20 6 14 16 16 13 
9 13 11 9 6 14 7 4 
15 
5 
19 
6 
16 
4 
6 
2 
12 
14 
6 5
13 15 14 17 6 
13 5 16 6 7 
14 3 8 13 3 
13 13 14 12 19 
19 10 9 11 13 
5 10 17 18 10 
13 
11 
13 
11 
15 
11 
10 3
3 20 14 
3 4 15 
2 3 11 
9 14 7 
9 2 3 
8 11 12 
16 11 6 
13 18 1 
16 10 16 
19 8 5 
9 
14 
8 
15 
8 
14 
15 
9 
1 
7 
5 3
4 16 5 
17 8 16 
9 17 19 
18 16 7 
8 8 14 
9 
17 
16 
4 
18 
10 6
18 2 12 20 12 12 
12 3 19 11 5 19 
4 3 14 10 14 12 
4 14 12 17 2 1 
9 10 17 5 13 3 
15 4 18 10 14 18 
17 10 20 19 15 10 
16 3 1 12 18 17 
7 2 18 17 20 5 
11 18 13 15 16 12 
13 
1 
13 
8 
1 
10 
4 
3 
5 
3 
2 1
13 
6 
11 
14 
5 6
9 6 5 4 15 20 
3 5 19 13 15 18 
10 12 2 12 2 16 
18 13 3 2 18 11 
18 9 3 19 19 4 
8 
3 
1 
19 
7 
3 4
10 17 7 4 
13 12 9 14 
1 18 2 7 
18 
3 
20 
6 8
20 3 4 3 6 2 7 2 
6 4 5 15 3 9 10 6 
9 8 19 15 5 1 3 1 
10 2 14 12 18 18 20 11 
16 11 10 4 2 4 7 16 
17 7 19 12 5 2 6 13 
2 
2 
16 
19 
11 
3 
9 4
6 16 15 2 
15 6 3 2 
1 14 3 16 
1 12 11 19 
14 8 10 14 
13 2 18 3 
11 16 16 15 
15 7 15 3 
15 13 2 3 
13 
7 
14 
15 
12 
15 
5 
15 
20 
