No-solution
No-solution
No-solution
No-solution
No-solution
No-solution
Infinite
2.116094 
-0.887670 
1.055607 
-0.885511 
-0.496987 
0.000000 
6 1
9.870336 
-8.237668 
4.570876 
-1.223102 
-5.157932 
1.000000 
Infinite
7.200000 
2.147826 
-12.930435 
0.000000 
4 1
10.600000 
1.052174 
-18.269565 
1.000000 
Infinite
-1.025908 
3.103430 
-0.841029 
0.138009 
3.118087 
-1.275280 
0.000000 
0.000000 
8 2
-0.256596 -0.641804 
0.086538 0.973479 
0.003801 -1.614256 
-0.023162 1.119428 
-0.035508 2.680333 
-0.930180 -2.533803 
1.000000 0.000000 
0.000000 1.000000 
No-solution
