1
6

10

0.8639    0.8555    0.9916    0.1739    0.0776    0.2202    0.8131    0.2006    0.3336    0.3078
0.3452    0.5648    0.6263    0.3695    0.8344    0.5212    0.2734    0.7631    0.2566    0.0289
0.3523    0.6334    0.9293    0.3455    0.5788    0.8714    0.0895    0.0466    0.2627    0.2613
0.0999    0.7267    0.1134    0.0343    0.5844    0.1292    0.7541    0.7714    0.3887    0.1064
0.2031    0.9021    0.3100    0.9819    0.2299    0.9106    0.9285    0.4092    0.4968    0.0749
0.5992    0.7298    0.9594    0.5222    0.4525    0.3280    0.4108    0.8933    0.3022    0.6501

0.1182
0.5496
0.3768
0.8851
0.4402
0.3842

