Enter number of test cases: Enter m and n: Infinite solutions exist: 
Particular solution: 
-0.920848 
0.952749 
0.152598 
-0.045203 
0.547941 
-0.396598 
0.000000 
0.000000 
0.000000 
0.000000 
Null space : 
-0.968381 0.497803 0.057824 2.093542 
-1.146927 -0.478429 -0.545284 -0.637940 
1.012585 -0.277819 0.092347 -1.780419 
-0.013044 -1.179458 -0.040487 -0.551060 
0.111436 -1.027339 -0.011815 0.368025 
-0.026238 1.539321 -0.003075 1.190198 
1.000000 0.000000 0.000000 0.000000 
0.000000 1.000000 0.000000 0.000000 
0.000000 0.000000 1.000000 0.000000 
0.000000 0.000000 0.000000 1.000000 

